v 20130925 2
C 42300 47900 1 0 0 resistor-1.sym
{
T 42600 48300 5 10 0 0 0 0 1
device=RESISTOR
T 42400 48200 5 10 1 1 0 0 1
refdes=R = 10 
}
C 44000 48700 1 0 0 resistor-1.sym
{
T 44300 49100 5 10 0 0 0 0 1
device=RESISTOR
T 44000 49000 5 10 1 1 0 0 1
refdes=R = 100 k
}
N 42300 48000 42000 48000 4
N 42000 48000 42000 47700 4
N 43200 48000 44000 48000 4
N 44000 48800 43600 48800 4
N 43600 48800 43600 48000 4
N 44900 48800 45300 48800 4
N 45300 48800 45300 47800 4
N 45300 47800 45000 47800 4
N 43700 47300 43700 47600 4
N 43700 47600 44000 47600 4
C 41900 47500 1 0 0 common.sym
C 43600 47100 1 0 0 common.sym
T 43500 47800 9 10 1 0 0 0 1
V
C 44000 47400 1 0 0 opamp-1.sym
{
T 44700 48200 5 10 0 0 0 0 1
device=OPAMP
T 44700 48800 5 10 0 0 0 0 1
symversion=0.1
}
